0,0,0,1000,667
1,100,133,170,100
2,100,253,170,100
3,100,373,170,100
14,100,493,170,100
6,0,0,1000,567
16,0,567,200,100
2,267,567,200,100
3,533,567,200,100
14,800,567,200,100
5,0,0,1000,667
8,900,570,100,100
10,0,570,100,100
9,0,0,1000,667
10,0,570,100,100
4,0,0,1000,667
10,0,570,100,100
15,0,0,1000,667
500,325,50
17,75,100,375,300,125,175
18,500,10,125,175
500,250,255
19,0,0,1000,667
500,280,255
500,330,50
900,400,255
900,150,255
90,45
900,45
500,150,225
500,340,225
500,540,225
500,110,225
20,10,110,50,50
20,10,310,50,50
20,10,500,50,50
21,10,10,100,100,25,10
22,890,10,100,100,25,7
